[[5, -5], [-11, 11], [-10, 10], [-3, -3], [-3, 3], [-8, -8], [2, 2], [-7, -7], [-12, -12], [11, 11], [-4, 4], [12, -12], [-1, -1], [-2, -2], [7, 7], [-11, -11], [-1, 1], [3, -3], [4, -4], [-12, 12], [3, 3], [-6, -6], [-6, 6], [10, -10], [-5, 5], [11, -11], [12, 12], [2, -2], [8, 8], [-7, 7], [-10, -10], [-5, -5], [8, -8], [9, -9], [4, 4], [5, 5], [0, 0], [9, 9], [-9, -9], [1, 1], [1, -1], [6, -6], [7, -7], [-9, 9], [-8, 8], [10, 10], [-4, -4], [6, 6], [-2, 2]]
[[5, -5], [-3, -3], [-3, 3], [-8, -8], [2, 2], [-7, -7], [-4, 4], [-1, -1], [-2, -2], [7, 7], [-1, 1], [3, -3], [4, -4], [3, 3], [-6, -6], [-6, 6], [-5, 5], [2, -2], [8, 8], [-7, 7], [-5, -5], [8, -8], [9, -9], [4, 4], [5, 5], [0, 0], [9, 9], [-9, -9], [1, 1], [1, -1], [6, -6], [7, -7], [-9, 9], [-8, 8], [-4, -4], [6, 6], [-2, 2]]
[[5, -5], [-3, -3], [-3, 3], [-8, -8], [2, 2], [-7, -7], [-4, 4], [-1, -1], [-2, -2], [7, 7], [-1, 1], [3, -3], [4, -4], [3, 3], [-6, -6], [-6, 6], [-5, 5], [2, -2], [8, 8], [-7, 7], [-5, -5], [8, -8], [9, -9], [4, 4], [5, 5], [0, 0], [9, 9], [-9, -9], [1, 1], [1, -1], [6, -6], [7, -7], [-9, 9], [-8, 8], [-4, -4], [6, 6], [-2, 2]]
[[5, -5], [-10, 10], [-3, -3], [-3, 3], [-8, -8], [2, 2], [-7, -7], [-4, 4], [-1, -1], [-2, -2], [7, 7], [-1, 1], [3, -3], [4, -4], [3, 3], [-6, -6], [-6, 6], [10, -10], [-5, 5], [2, -2], [8, 8], [-7, 7], [-10, -10], [-5, -5], [8, -8], [9, -9], [4, 4], [5, 5], [0, 0], [9, 9], [-9, -9], [1, 1], [1, -1], [6, -6], [7, -7], [-9, 9], [-8, 8], [10, 10], [-4, -4], [6, 6], [-2, 2]]
[[5, -5], [-11, 11], [-10, 10], [-3, -3], [-17, -17], [-3, 3], [13, -13], [-8, -8], [2, 2], [-7, -7], [-16, -16], [-12, -12], [11, 11], [-4, 4], [12, -12], [-1, -1], [-2, -2], [7, 7], [-11, -11], [-1, 1], [16, 16], [3, -3], [4, -4], [-12, 12], [-13, 13], [3, 3], [-6, -6], [-6, 6], [10, -10], [-5, 5], [11, -11], [12, 12], [2, -2], [8, 8], [-14, 14], [-15, -15], [17, 17], [-7, 7], [-10, -10], [13, 13], [17, -17], [-16, 16], [-15, 15], [-5, -5], [-14, -14], [8, -8], [9, -9], [4, 4], [5, 5], [14, 14], [15, -15], [0, 0], [9, 9], [-9, -9], [1, 1], [16, -16], [1, -1], [6, -6], [7, -7], [-9, 9], [-8, 8], [10, 10], [-4, -4], [-13, -13], [14, -14], [6, 6], [-2, 2], [-17, 17], [15, 15]]
[[5, -5], [-11, 11], [-10, 10], [-3, -3], [-3, 3], [13, -13], [-8, -8], [2, 2], [-7, -7], [-12, -12], [11, 11], [-4, 4], [12, -12], [-1, -1], [-2, -2], [7, 7], [-11, -11], [-1, 1], [3, -3], [4, -4], [-12, 12], [-13, 13], [3, 3], [-6, -6], [-6, 6], [10, -10], [-5, 5], [11, -11], [12, 12], [2, -2], [8, 8], [-7, 7], [-10, -10], [13, 13], [-5, -5], [8, -8], [9, -9], [4, 4], [5, 5], [0, 0], [9, 9], [-9, -9], [1, 1], [1, -1], [6, -6], [7, -7], [-9, 9], [-8, 8], [10, 10], [-4, -4], [-13, -13], [6, 6], [-2, 2]]
[[5, -5], [12, 10], [-3, -3], [-3, 3], [2, 2], [-7, -7], [-4, 4], [-1, -1], [-2, -2], [7, 7], [-1, 1], [3, -3], [4, -4], [3, 3], [-6, -6], [-6, 6], [12, 12], [-5, 5], [2, -2], [10, 11], [-7, 7], [-5, -5], [12, 11], [4, 4], [5, 5], [0, 0], [1, 1], [1, -1], [6, -6], [11, 12], [7, -7], [-4, -4], [6, 6], [-2, 2]]
[[5, -5], [12, 10], [-3, -3], [-3, 3], [2, 2], [-7, -7], [-4, 4], [-1, -1], [-2, -2], [7, 7], [-1, 1], [3, -3], [4, -4], [3, 3], [-6, -6], [-6, 6], [12, 12], [-5, 5], [2, -2], [10, 11], [-7, 7], [-5, -5], [12, 11], [4, 4], [5, 5], [0, 0], [1, 1], [1, -1], [6, -6], [11, 12], [7, -7], [-4, -4], [6, 6], [-2, 2]]
[[5, -5], [12, 10], [-3, -3], [-3, 3], [2, 2], [-7, -7], [-4, 4], [-1, -1], [-2, -2], [7, 7], [-1, 1], [3, -3], [4, -4], [3, 3], [-6, -6], [-6, 6], [12, 12], [-5, 5], [2, -2], [10, 11], [-7, 7], [-5, -5], [12, 11], [4, 4], [5, 5], [0, 0], [1, 1], [1, -1], [6, -6], [11, 12], [7, -7], [-4, -4], [6, 6], [-2, 2]]
[[5, -5], [12, 10], [2, 2], [-4, 4], [-1, -1], [-2, -2], [-6, -6], [12, 12], [-6, 6], [-5, 5], [-7, 7], [5, 5], [0, 0], [-12, -14], [-4, -4], [6, 6], [-2, 2], [-3, -3], [-3, 3], [-7, -7], [-12, -12], [7, 7], [-1, 1], [3, -3], [4, -4], [-14, -13], [3, 3], [2, -2], [10, 11], [-13, -12], [-12, -13], [-5, -5], [12, 11], [4, 4], [1, 1], [1, -1], [6, -6], [11, 12], [7, -7]]
[[5, -5], [-14, -9], [2, 2], [-13, -8], [-12, -9], [-4, 4], [-1, -1], [-2, -2], [-6, -6], [-6, 6], [-5, 5], [-7, 7], [-12, -10], [-14, -5], [5, 5], [0, 0], [-12, -14], [-4, -4], [-12, -5], [6, 6], [-12, -8], [-2, 2], [-3, -3], [-3, 3], [-7, -7], [-12, -12], [-12, -6], [7, 7], [-1, 1], [3, -3], [4, -4], [-14, -13], [3, 3], [2, -2], [-13, -12], [-12, -13], [-12, -4], [-5, -5], [4, 4], [1, 1], [1, -1], [6, -6], [7, -7], [-13, -4]]
[[5, -5], [-14, -9], [2, 2], [-13, -8], [-12, -9], [-4, 4], [-1, -1], [-2, -2], [-6, -6], [-6, 6], [-5, 5], [-7, 7], [-12, -10], [-14, -5], [5, 5], [0, 0], [-12, -14], [-4, -4], [-12, -5], [6, 6], [-12, -8], [-2, 2], [-3, -3], [-3, 3], [-7, -7], [-12, -12], [-12, -6], [7, 7], [-1, 1], [3, -3], [4, -4], [-14, -13], [3, 3], [2, -2], [-13, -12], [-12, -13], [-12, -4], [-5, -5], [4, 4], [1, 1], [1, -1], [6, -6], [7, -7], [-13, -4]]
[[5, -5], [-14, -9], [2, 2], [-13, -8], [-12, -9], [-4, 4], [-1, -1], [-2, -2], [-6, -6], [-6, 6], [-5, 5], [-7, 7], [-12, -10], [-14, -5], [5, 5], [0, 0], [-12, -14], [-4, -4], [-12, -5], [6, 6], [-12, -8], [-2, 2], [-3, -3], [-3, 3], [-7, -7], [-12, -12], [-12, -6], [7, 7], [-1, 1], [3, -3], [4, -4], [-14, -13], [3, 3], [2, -2], [-13, -12], [-12, -13], [-12, -4], [-5, -5], [4, 4], [1, 1], [1, -1], [6, -6], [7, -7], [-13, -4]]
[[5, -5], [-14, -9], [2, 2], [-13, -8], [-12, -9], [-4, 4], [-1, -1], [-2, -2], [-6, -6], [-6, 6], [-5, 5], [-7, 7], [-12, -10], [-14, -5], [5, 5], [0, 0], [-12, -14], [-4, -4], [-12, -5], [6, 6], [-12, -8], [-2, 2], [-3, -3], [-3, 3], [-7, -7], [-12, -12], [-12, -6], [7, 7], [-1, 1], [3, -3], [4, -4], [-14, -13], [3, 3], [2, -2], [-13, -12], [-12, -13], [-12, -4], [-5, -5], [4, 4], [1, 1], [1, -1], [6, -6], [7, -7], [-13, -4]]
[[5, -5], [-14, -9], [2, 2], [-13, -8], [-12, -9], [-4, 4], [-1, -1], [-2, -2], [-6, -6], [-6, 6], [-5, 5], [-7, 7], [-12, -10], [-14, -5], [5, 5], [0, 0], [-12, -14], [-4, -4], [-12, -5], [6, 6], [-12, -8], [-2, 2], [-3, -3], [-3, 3], [-7, -7], [-12, -12], [-12, -6], [7, 7], [-1, 1], [3, -3], [4, -4], [-14, -13], [3, 3], [2, -2], [-13, -12], [-12, -13], [-12, -4], [-5, -5], [4, 4], [1, 1], [1, -1], [6, -6], [7, -7], [-13, -4]]
[[5, -5], [-14, -9], [2, 2], [-13, -8], [-12, -9], [-4, 4], [-1, -1], [-2, -2], [-6, -6], [-6, 6], [-5, 5], [-7, 7], [-12, -10], [-14, -5], [5, 5], [0, 0], [-12, -14], [-4, -4], [-12, -5], [6, 6], [-12, -8], [-2, 2], [-3, -3], [-3, 3], [-7, -7], [-12, -12], [-12, -6], [7, 7], [-1, 1], [3, -3], [4, -4], [-14, -13], [3, 3], [2, -2], [-13, -12], [-12, -13], [-12, -4], [-5, -5], [4, 4], [1, 1], [1, -1], [6, -6], [7, -7], [-13, -4]]
[[5, -5], [-14, -9], [2, 2], [-13, -8], [-12, -9], [-4, 4], [-1, -1], [-2, -2], [-6, -6], [-6, 6], [-5, 5], [-7, 7], [-12, -10], [-14, -5], [5, 5], [0, 0], [-12, -14], [-4, -4], [-12, -5], [6, 6], [-12, -8], [-2, 2], [-3, -3], [-3, 3], [-7, -7], [-12, -12], [-12, -6], [7, 7], [-1, 1], [3, -3], [4, -4], [-14, -13], [3, 3], [2, -2], [-13, -12], [-12, -13], [-12, -4], [-5, -5], [4, 4], [1, 1], [1, -1], [6, -6], [7, -7], [-13, -4]]
[[5, -5], [-14, -9], [2, 2], [-13, -8], [-12, -9], [-4, 4], [-1, -1], [-2, -2], [-6, -6], [-6, 6], [-5, 5], [-7, 7], [-12, -10], [-14, -5], [5, 5], [0, 0], [-12, -14], [-4, -4], [-12, -5], [6, 6], [-12, -8], [-2, 2], [-3, -3], [-3, 3], [-7, -7], [-12, -12], [-12, -6], [7, 7], [-1, 1], [3, -3], [4, -4], [-14, -13], [3, 3], [2, -2], [-13, -12], [-12, -13], [-12, -4], [-5, -5], [4, 4], [1, 1], [1, -1], [6, -6], [7, -7], [-13, -4]]
[[5, -5], [-14, -9], [2, 2], [-13, -8], [-12, -9], [-4, 4], [-1, -1], [-2, -2], [-6, -6], [-6, 6], [-5, 5], [-7, 7], [-12, -10], [-14, -5], [5, 5], [0, 0], [-12, -14], [-4, -4], [-12, -5], [6, 6], [-12, -8], [-2, 2], [-3, -3], [-3, 3], [-7, -7], [-12, -12], [-12, -6], [7, 7], [-1, 1], [3, -3], [4, -4], [-14, -13], [3, 3], [2, -2], [-13, -12], [-12, -13], [-12, -4], [-5, -5], [4, 4], [1, 1], [1, -1], [6, -6], [7, -7], [-13, -4]]
[[5, -5], [-14, -9], [2, 2], [-13, -8], [-12, -9], [-4, 4], [-1, -1], [-2, -2], [-6, -6], [-6, 6], [-5, 5], [-7, 7], [-12, -10], [-14, -5], [5, 5], [0, 0], [-12, -14], [-4, -4], [-12, -5], [6, 6], [-12, -8], [-2, 2], [-3, -3], [-3, 3], [-7, -7], [-12, -12], [-12, -6], [7, 7], [-1, 1], [3, -3], [4, -4], [-14, -13], [3, 3], [2, -2], [-13, -12], [-12, -13], [-12, -4], [-5, -5], [4, 4], [1, 1], [1, -1], [6, -6], [7, -7], [-13, -4]]
[[5, -5], [-14, -9], [2, 2], [-13, -8], [-12, -9], [-4, 4], [-1, -1], [-2, -2], [-6, -6], [-6, 6], [-5, 5], [-7, 7], [-12, -10], [-14, -5], [5, 5], [0, 0], [-12, -14], [-4, -4], [-12, -5], [6, 6], [-12, -8], [-2, 2], [-3, -3], [-3, 3], [-7, -7], [-12, -12], [-12, -6], [7, 7], [-1, 1], [3, -3], [4, -4], [-14, -13], [3, 3], [2, -2], [-13, -12], [-12, -13], [-12, -4], [-5, -5], [4, 4], [1, 1], [1, -1], [6, -6], [7, -7], [-13, -4]]
[[2, -2], [5, -5], [-13, -12], [-3, -3], [-12, -13], [-7, 7], [-3, 3], [2, 2], [-7, -7], [-5, -5], [-12, -12], [4, 4], [-4, 4], [5, 5], [-1, -1], [-2, -2], [7, 7], [0, 0], [-1, 1], [1, 1], [3, -3], [4, -4], [1, -1], [6, -6], [-12, -14], [7, -7], [-14, -13], [3, 3], [-6, -6], [-6, 6], [-4, -4], [-5, 5], [6, 6], [-2, 2]]
[[2, -2], [5, -5], [-13, -12], [-3, -3], [-12, -13], [-7, 7], [-3, 3], [2, 2], [-7, -7], [-5, -5], [-12, -12], [4, 4], [-4, 4], [5, 5], [-1, -1], [-2, -2], [7, 7], [0, 0], [-1, 1], [1, 1], [3, -3], [4, -4], [1, -1], [6, -6], [-12, -14], [7, -7], [-14, -13], [3, 3], [-6, -6], [-6, 6], [-4, -4], [-5, 5], [6, 6], [-2, 2]]
[[4, 0], [5, -5], [4, 3], [-14, -9], [-3, -3], [4, 6], [-3, 3], [2, 2], [-7, -7], [-12, -12], [-13, -8], [-12, -9], [-4, 4], [7, 4], [-12, -6], [7, 1], [-1, -1], [-2, -2], [7, 7], [-1, 1], [3, -3], [4, -4], [4, 2], [4, 5], [3, 3], [-6, -6], [-6, 6], [-14, -13], [-5, 5], [-13, -4], [2, -2], [-13, -12], [-12, -13], [7, 0], [-7, 7], [-12, -10], [-12, -4], [7, 3], [7, 6], [-5, -5], [4, 1], [4, 7], [-14, -5], [4, 4], [5, 5], [0, 0], [1, 1], [1, -1], [6, -6], [-12, -14], [7, -7], [-4, -4], [7, 2], [-12, -5], [6, 6], [7, 5], [-2, 2], [-12, -8]]
[[4, 0], [-11, 11], [5, -5], [-10, 10], [4, 9], [-14, -9], [4, 6], [-8, -8], [2, 2], [-13, -8], [11, 11], [-12, -9], [12, -12], [-4, 4], [7, 4], [7, 1], [-1, -1], [-2, -2], [7, 10], [4, 2], [-13, 13], [-6, -6], [12, 12], [10, -10], [-6, 6], [11, -11], [4, 8], [-5, 5], [8, 8], [-7, 7], [-10, -10], [-12, -10], [7, 3], [7, 12], [4, 1], [-14, -5], [4, 10], [5, 5], [0, 0], [-12, -14], [-4, -4], [-12, -5], [6, 6], [-12, -8], [7, 5], [-2, 2], [4, 3], [-3, -3], [4, 12], [-3, 3], [13, -13], [-7, -7], [-12, -12], [-12, -6], [7, 7], [-11, -11], [-1, 1], [3, -3], [-12, 12], [4, -4], [7, 13], [4, 5], [3, 3], [-14, -13], [4, 11], [2, -2], [-13, -12], [-12, -13], [7, 0], [-12, -4], [13, 13], [7, 9], [7, 6], [-5, -5], [8, -8], [9, -9], [4, 7], [4, 4], [4, 13], [9, 9], [-9, -9], [1, 1], [1, -1], [6, -6], [7, -7], [10, 10], [-9, 9], [-8, 8], [-13, -13], [7, 2], [-13, -4], [7, 11], [7, 8]]
[[4, 0], [-11, 11], [5, -5], [-10, 10], [4, 9], [-14, -9], [4, 6], [-5, 3], [-5, 12], [-8, -8], [2, 2], [-9, 2], [-13, -8], [11, 11], [-9, 8], [-7, 5], [12, -12], [-4, 4], [7, 4], [7, 1], [-1, -1], [-2, -2], [-12, -9], [7, 10], [4, 2], [-13, 13], [-6, -6], [12, 12], [10, -10], [-6, 6], [11, -11], [4, 8], [-5, 5], [-13, -4], [-5, 11], [8, 8], [-9, 4], [-9, 1], [-9, 10], [-7, 7], [-10, -10], [-12, -10], [7, 3], [-7, 13], [7, 12], [4, 1], [-14, -5], [4, 10], [-5, 7], [5, 5], [-5, 4], [0, 0], [-5, 13], [-9, 3], [-7, 0], [-12, -14], [-4, -4], [-9, 12], [-7, 9], [6, 6], [-7, 6], [7, 5], [-2, 2], [-12, -5], [-12, -8], [4, 3], [-5, 0], [-3, -3], [4, 12], [-5, 9], [-5, 6], [-3, 3], [13, -13], [-7, -7], [-9, 5], [-7, 2], [-12, -12], [-7, 11], [-9, 11], [-7, 8], [7, 7], [-11, -11], [-12, -6], [-1, 1], [3, -3], [-12, 12], [4, -4], [7, 13], [4, 5], [3, 3], [-5, 2], [-14, -13], [4, 11], [-5, 8], [2, -2], [-9, 7], [-7, 4], [-13, -12], [-12, -13], [-7, 1], [7, 0], [-9, 13], [-7, 10], [7, 9], [13, 13], [-12, -4], [7, 6], [-5, -5], [8, -8], [9, -9], [4, 7], [4, 4], [-5, 1], [4, 13], [-5, 10], [9, 9], [-9, -9], [1, 1], [-9, 0], [1, -1], [6, -6], [7, -7], [10, 10], [-9, 9], [-9, 6], [-7, 3], [7, 2], [-8, 8], [-13, -13], [-7, 12], [7, 11], [7, 8]]
[[4, 0], [-11, 11], [5, -5], [-10, 10], [4, 9], [-14, -9], [4, 6], [-5, 3], [-5, 12], [-8, -8], [2, 2], [-9, 2], [-13, -8], [11, 11], [-9, 8], [-7, 5], [12, -12], [-4, 4], [7, 4], [7, 1], [-1, -1], [-2, -2], [-12, -9], [7, 10], [4, 2], [-13, 13], [-6, -6], [12, 12], [10, -10], [-6, 6], [11, -11], [4, 8], [-5, 5], [-13, -4], [-5, 11], [8, 8], [-9, 4], [-9, 1], [-9, 10], [-7, 7], [-10, -10], [-12, -10], [7, 3], [-7, 13], [7, 12], [4, 1], [-14, -5], [4, 10], [-5, 7], [5, 5], [-5, 4], [0, 0], [-5, 13], [-9, 3], [-7, 0], [-12, -14], [-4, -4], [-9, 12], [-7, 9], [6, 6], [-7, 6], [7, 5], [-2, 2], [-12, -5], [-12, -8], [4, 3], [-5, 0], [-3, -3], [4, 12], [-5, 9], [-5, 6], [-3, 3], [13, -13], [-7, -7], [-9, 5], [-7, 2], [-12, -12], [-7, 11], [-9, 11], [-7, 8], [7, 7], [-11, -11], [-12, -6], [-1, 1], [3, -3], [-12, 12], [4, -4], [7, 13], [4, 5], [3, 3], [-5, 2], [-14, -13], [4, 11], [-5, 8], [2, -2], [-9, 7], [-7, 4], [-13, -12], [-12, -13], [-7, 1], [7, 0], [-9, 13], [-7, 10], [7, 9], [13, 13], [-12, -4], [7, 6], [-5, -5], [8, -8], [9, -9], [4, 7], [4, 4], [-5, 1], [4, 13], [-5, 10], [9, 9], [-9, -9], [1, 1], [-9, 0], [1, -1], [6, -6], [7, -7], [10, 10], [-9, 9], [-9, 6], [-7, 3], [7, 2], [-8, 8], [-13, -13], [-7, 12], [7, 11], [7, 8]]
[[4, 0], [-11, 11], [5, -5], [-10, 10], [4, 9], [-14, -9], [4, 6], [-5, 3], [-5, 12], [-8, -8], [2, 2], [-9, 2], [-13, -8], [11, 11], [-9, 8], [-7, 5], [12, -12], [-4, 4], [7, 4], [7, 1], [-1, -1], [-2, -2], [-12, -9], [7, 10], [4, 2], [-13, 13], [-6, -6], [12, 12], [10, -10], [-6, 6], [11, -11], [4, 8], [-5, 5], [-13, -4], [-5, 11], [8, 8], [-9, 4], [-9, 1], [-9, 10], [-7, 7], [-10, -10], [-12, -10], [7, 3], [-7, 13], [7, 12], [4, 1], [-14, -5], [4, 10], [-5, 7], [5, 5], [-5, 4], [0, 0], [-5, 13], [-9, 3], [-7, 0], [-12, -14], [-4, -4], [-9, 12], [-7, 9], [6, 6], [-7, 6], [7, 5], [-2, 2], [-12, -5], [-12, -8], [4, 3], [-5, 0], [-3, -3], [4, 12], [-5, 9], [-5, 6], [-3, 3], [13, -13], [-7, -7], [-9, 5], [-7, 2], [-12, -12], [-7, 11], [-9, 11], [-7, 8], [7, 7], [-11, -11], [-12, -6], [-1, 1], [3, -3], [-12, 12], [4, -4], [7, 13], [4, 5], [3, 3], [-5, 2], [-14, -13], [4, 11], [-5, 8], [2, -2], [-9, 7], [-7, 4], [-13, -12], [-12, -13], [-7, 1], [7, 0], [-9, 13], [-7, 10], [7, 9], [13, 13], [-12, -4], [7, 6], [-5, -5], [8, -8], [9, -9], [4, 7], [4, 4], [-5, 1], [4, 13], [-5, 10], [9, 9], [-9, -9], [1, 1], [-9, 0], [1, -1], [6, -6], [7, -7], [10, 10], [-9, 9], [-9, 6], [-7, 3], [7, 2], [-8, 8], [-13, -13], [-7, 12], [7, 11], [7, 8]]
[[4, 0], [-11, 11], [5, -5], [-10, 10], [4, 9], [-14, -9], [4, 6], [-5, 3], [-5, 12], [-8, -8], [2, 2], [-9, 2], [-13, -8], [11, 11], [-9, 8], [-7, 5], [12, -12], [-4, 4], [7, 4], [7, 1], [-1, -1], [-2, -2], [-12, -9], [7, 10], [4, 2], [-13, 13], [-6, -6], [12, 12], [10, -10], [-6, 6], [11, -11], [4, 8], [-5, 5], [-13, -4], [-5, 11], [8, 8], [-9, 4], [-9, 1], [-9, 10], [-7, 7], [-10, -10], [-12, -10], [7, 3], [-7, 13], [7, 12], [4, 1], [-14, -5], [4, 10], [-5, 7], [5, 5], [-5, 4], [0, 0], [-5, 13], [-9, 3], [-7, 0], [-12, -14], [-4, -4], [-9, 12], [-7, 9], [6, 6], [-7, 6], [7, 5], [-2, 2], [-12, -5], [-12, -8], [4, 3], [-5, 0], [-3, -3], [4, 12], [-5, 9], [-5, 6], [-3, 3], [13, -13], [-7, -7], [-9, 5], [-7, 2], [-12, -12], [-7, 11], [-9, 11], [-7, 8], [7, 7], [-11, -11], [-12, -6], [-1, 1], [3, -3], [-12, 12], [4, -4], [7, 13], [4, 5], [3, 3], [-5, 2], [-14, -13], [4, 11], [-5, 8], [2, -2], [-9, 7], [-7, 4], [-13, -12], [-12, -13], [-7, 1], [7, 0], [-9, 13], [-7, 10], [7, 9], [13, 13], [-12, -4], [7, 6], [-5, -5], [8, -8], [9, -9], [4, 7], [4, 4], [-5, 1], [4, 13], [-5, 10], [9, 9], [-9, -9], [1, 1], [-9, 0], [1, -1], [6, -6], [7, -7], [10, 10], [-9, 9], [-9, 6], [-7, 3], [7, 2], [-8, 8], [-13, -13], [-7, 12], [7, 11], [7, 8]]
[[4, 0], [-11, 11], [-10, 10], [4, 9], [5, 10], [-6, 10], [-8, -8], [2, 2], [-9, 2], [-8, 10], [12, -12], [7, 1], [-1, -1], [-2, -2], [-4, 10], [-1, 7], [-2, 7], [7, 10], [-13, 7], [4, 2], [-6, -6], [10, -10], [11, -11], [-5, 11], [9, 10], [0, 7], [-9, 4], [11, 7], [13, 10], [-12, -10], [7, 3], [-7, 13], [7, 12], [5, 5], [-5, 4], [0, 0], [-5, 13], [-3, 10], [-4, -4], [1, 10], [6, 6], [-7, 6], [7, 5], [-2, 2], [-12, -8], [-12, 10], [-10, 7], [3, 10], [5, 7], [-6, 7], [-5, 6], [-3, 3], [13, -13], [-8, 7], [-9, 11], [-7, 8], [-4, 7], [7, 7], [-12, -6], [-12, 12], [-14, -13], [3, 3], [4, 11], [-5, 8], [9, 7], [13, 7], [-13, -12], [-12, -13], [-7, 1], [7, 0], [-9, 13], [-7, 10], [7, 9], [-12, -4], [8, -8], [9, -9], [4, 4], [-5, 1], [4, 13], [-5, 10], [-3, 7], [9, 9], [1, -1], [6, -6], [7, -7], [1, 7], [10, 10], [-9, 6], [-7, 3], [7, 2], [-7, 12], [7, 11], [-12, 7], [5, -5], [12, 10], [3, 7], [-14, -9], [4, 6], [-5, 3], [-5, 12], [-13, -8], [11, 11], [-9, 8], [-7, 5], [-4, 4], [7, 4], [-12, -9], [-13, 13], [-11, 10], [12, 12], [-6, 6], [4, 8], [-5, 5], [8, 8], [-9, 1], [2, 10], [-7, 7], [-9, 10], [-10, -10], [6, 10], [4, 1], [-14, -5], [4, 10], [-5, 7], [8, 10], [10, 7], [-9, 3], [-7, 0], [-12, -14], [-9, 12], [-7, 9], [-12, -5], [12, 7], [4, 3], [-5, 0], [-3, -3], [4, 12], [-5, 9], [-7, -7], [-9, 5], [-7, 2], [-12, -12], [-7, 11], [-11, -11], [-1, 1], [3, -3], [4, -4], [-1, 10], [-2, 10], [-11, 7], [7, 13], [4, 5], [-5, 2], [-13, 10], [2, -2], [0, 10], [2, 7], [-7, 4], [-9, 7], [11, 10], [13, 13], [6, 7], [7, 6], [-5, -5], [4, 7], [-9, -9], [8, 7], [1, 1], [-9, 0], [-9, 9], [-8, 8], [-13, -13], [-13, -4], [7, 8]]
